[2807  185 2819  195]
[2800  194 2813  211]
[2774  216 2782  225]
[2248  470 2258  483]
[2223  483 2238  504]
[3302  570 3393  664]
[3313  675 3363  728]
[3254  701 3298  761]
[3301  750 3331  782]
[3308  804 3317  814]
[1373 1007 1668 1253]
[3019 1416 3053 1452]
[2942 1432 2960 1460]
[2914 1544 2957 1590]
[2974 1580 2989 1596]
[2809 1584 2836 1602]
[2859 1593 2866 1601]
[2885 1603 2913 1630]
[2940 1603 2953 1618]
[2770 1608 2779 1619]
[2827 1633 2860 1654]
[ 119 1696  132 1712]
[2792 1706 2814 1721]
